1	Bulbasaur					◙	◙				◙	◙					◙	◙					○*	○*		x						x	x	x	x					
2	Ivysaur					16	16				16	16					○*	○*					16	16		x						x	x	x	x					
3	Venusaur					32	32				32	32					32	32					32	32		x						x	x	x	x					
4	Charmander					◙	◙				◙	◙					◙	◙					○*	○*	x					x		x	x	x	x					
5	Charmeleon					16	16				16	16					○*	○*					16	16	x					x		x	x	x	x					
6	Charizard					36	36				36	36					36	36					36	36	x					x		x	x	x	x					
7	Squirtle					◙	◙				◙	◙					◙	◙					○*	○*		x						x	x	x	x					
8	Wartortle					16	16				16	16					○*	○*					16	16		x						x	x	x	x					
9	Blastoise					36	36				36	36					36	36					36	36		x						x	x	x	x					
10	Caterpie					○	○	○*	○*	○*	○	○		◘		◘	○	○			○	○	○	○	x								x	x						
11	Metapod					○	○	○*	○*	○*	○	○		○		7	7	○			○	○	○	○	x								x	x						
12	Butterfree					10	10	10	10	10	○	○		○		○	○*	○*			○	○	○	○	x								x	x					x	
13	Weedle					○	○	○*	○*	○*	○	○	◘		◘		○	○	◘	◘			◘	◘									x	x	x					
14	Kakuna					○	○	○*	○*	○*	○	○	○		7		○	○*	○	○			7	7									x	x	x					
15	Beedrill					10	10	10	10	10	○	○	○		○		10	10	10	10			○*	○*									x	x	x				x	
16	Pidgey					○	○	○	○	○	○	○		○			○	○	◘	◘			◘	◘									x	x	x					
17	Pidgeotto					○	○	18	18	18	○	○		18			18	18	○	○			18	18									x	x	x				x	
18	Pidgeot					36	36	36	36	36	36	36		36			36	36	36	36			○*	○*									x	x	x					
19	Rattata					○	○	○	○	○	○	○	◘	◘	○	○			○	○													x	x						
19	Rattata-Alola	alola																			○	○	○	○									x							
20	Raticate					○	○	○	○	○	○	○	○	○	○	○			○	○													x	x					x	
20	Raticate-Alola	alola																			○	○	○	○									x							
21	Spearow					○	○	○	○	○	○	○	◘	◘	◘	◘	○*	○*			○	○	○	○									x	x					x	
22	Fearow					○	○	○	○	○	○	○	○	○	○	○	○	○			○	○	○	○									x	x						
23	Ekans					○		○*	○*	○*	○	○					○	○					○	○							x		x	x						
24	Arbok					○		○*	○*	○*	○	○					○	○					22	22							x		x	x					x	
25	Pikachu		○	○	○	○	○	○	○	○	○	○					○	○	○	○	○	○	○	○	x	x			x	x	x		x	x		x		x		
26	Raichu		•*	•*	•*	•*	•*	•*	•*	•*	•*	•*					•*	•*	•*	•*			•*	•*	x	x			x	x	x		x	x						
26	Raichu-Alola	alola																			•*	•*	•*	•*	x	x				x			x			x				
27	Sandshrew		○	○	○		○	○*	○*	○*	○	○	◘	◘	○	○	○*	○*	○	○						x					x		x	x						x
27	Sandshrew-Alola	alola																				○		○		x				x		x	x							
28	Sandslash		22	22	22		○	○*	○*	○*	○	○	○	○	○	○	○	○	22	22						x					x		x	x						
28	Sandslash-Alola	alola																				•*		•*		x				x		x	x							
29	Nidoran(f)					○	○	○	○	○	○	○		○	○	○	○	○									x						x	x						
30	Nidorina					○	○	○	○	○	○	○		16	16	16	○	○									x						x	x						
31	Nidoqueen					•*	•*	•*	•*	•*	•*	•*		•*	•*	•*	•*	•*									x						x	x						
32	Nidoran(m)					○	○	○	○	○	○	○		○	○	○	○	○									x						x	x						
33	Nidorino					○	○	○	○	○	○	○		16	16	16	○	○									x						x	x						
34	Nidoking					•*	•*	•*	•*	•*	•*	•*		•*	•*	•*	•*	•*									x						x	x						
35	Clefairy					○	○	○	○	○	○	○	○	○	○	○	○*	○*	○	○	○	○	○	○	x		x		x		x		x	x		x				
36	Clefable					•*	•*	•*	•*	•*	•*	•*	○	○	○	○	•*	•*	•*	•*	•*	•*	•*	•*	x		x		x		x		x	x		x				
37	Vulpix		○	○	○		○	○*	○*	○*		○	○	○	○	○	◘	◘	○	○					x				x		x		x	x					x	
37	Vulpix-Alola	alola																			○		○		x				x	x		x	x							
38	Ninetales		•*	•*	•*		•*	•*	•*	•*		•*	○	○	○	○	○*	○*	•*	•*					x				x		x		x	x						
38	Ninetales	alola																			•*		•*		x				x	x		x	x							
39	Jigglypuff		○	○	○	○	○	○	○	○	○	○	○	○	○	○	○	○	○	○	○	○	○	○		x				x			x	x		x				
40	Wigglytuff		•*	•*	•*	•*	•*	•*	•*	•*	•*	•*	○	○	○	○	•*	•*	•*	•*	•*	•*	•*	•*		x				x			x	x		x				
41	Zubat		○	○	○	○	○	○	○	○	○	○	◘	◘	○	○	○	○	○	○	○	○	○	○			x		x				x	x		x				x
42	Golbat		○	○	○	○	○	○	○	○	○	○	○	○	○	○	22	22	○	○	○	○	○	○			x		x				x	x		x				
43	Oddish		○	○	○	○		○	○	○	○	○		○			○	○	○	○					x							x	x	x		x				
44	Gloom		○	○	○	○		○	○	○	○	○		○			○*	○*	○	○					x							x	x	x		x				
45	Vileplume		•*	•*	•*	•*		•*	•*	•*	•*	•*		•*			•*	•*	•*	•*					x							x	x	x						
46	Paras					○	○	○	○	○	○	○		○			○*	○*	○	○	○	○	○	○					x				x	x					x	
47	Parasect					○	○	24	24	24	○	○		24			24	24	24	24	24	24	○	○					x				x	x						
48	Venonat					○	○	○	○	○	○	○	◘	◘	○	○	◘	◘	◘	◘										x		x	x	x						
49	Venomoth					○	○	○	○	○	○	○	○	○	31	31	○*	○*	○*	○*										x		x	x	x					x	
50	Diglett					○	○	○	○	○	○	○					◘	◘	○	○					x					x			x	x						
50	Diglett	alola																			○	○	○	○	x					x		x	x							
51	Dugtrio					○	○	○	○	○	○	○					○	○	26	26					x					x			x	x					x	
51	Dugtrio	alola																			○	○	○	○	x					x		x	x							
52	Meowth				◙	○	○	○	○	○		○			◙	◙			◘	◘					x					x			x	x					x	
52	Meowth	alola																			○	○	○	○	x					x			x							
52	Meowth	galar																							x					x										
53	Persian				28	○	○	28	28	28		○			28	28			○*	○*					x					x			x	x						
53	Persian	alola																			•*	•*	○	○	x					x			x							
54	Psyduck		○	○	○	○		○	○	○	○	○	◘	◘	○	○	○	○	○	○	○	○	○	○		x			x	x			x	x						
55	Golduck		○	○	○	○		○	○	○	○	○	○	○	○	○	33	33	33	33	○	○	○	○		x			x	x			x	x					x	
56	Mankey					○	○	○	○	○	○		○	○	◙	◙	○*	○*	○	○	○	○	○	○						x	x		x	x		x				
57	Primeape					○	○	○	○	○	○		28	28	28	28	28	28	28	28	○	○	○	○						x	x		x	x		x			x	
58	Growlithe					○		○*	○*	○*	○				○	○	○*	○*	○	○	○	○	○	○	x					x	x		x	x					x	
58	Growlithe	hisui																											x	x			x	x						
59	Arcanine					•*		•*	•*	•*	•*				•*	•*	•*	•*	•*	•*	•*	•*	•*	•*	x					x	x		x	x						
59	Arcanine	hisui																											x	x			x	x						
60	Poliwag					○	○	○	○	○	○	○	○	○	○	○	○	○			○	○	○	○		x					x		x	x		x				
61	Poliwhirl					○	○	○	○	○	○	○	○	○	○	○	○	○			○	○	○	○		x					x		x	x		x				
62	Poliwrath					•*	•*	•*	•*	•*	•*	•*	○	○	○	○	○	○			○	○	○	○		x					x		x	x		x			x	
63	Abra		○	○	○	○	○	○	○	○	○	○		○	◘	◘	○	○	○	○	○	○	○	○		x			x				x	x	x					
64	Kadabra		16	16	16	○	○	○	○	○	○	○		16	16	16	16	16	16	16	16	16	16	16		x			x				x	x	x					
65	Alakazam		•*	•*	•*	•*	•*	•*	•*	•*	•*	•*		•*	◙	◙	•*	•*	•*	•*	•*	•*	•*	•*		x			x				x	x	x					
66	Machop		○	○	○	○	○	○	○	○	○	○		○			○	○	○	○	○	○	○	○	x				x				x	x						
67	Machoke		28	28	28	○	○	○	○	○	○	○		28			○*	○*	28	28	○	○	○	○	x				x				x	x						
68	Machamp		•*	•*	•*	•*	•*	•*	•*	•*	•*	•*		•*			•*	•*	•*	•*	•*	•*	•*	•*	x				x				x	x						
69	Bellsprout						○	○	○	○	○	○		○			○	○			○*	○*									x		x	x						
70	Weepinbell						○	○	○	○	○	○		21			○	○			21	21									x		x	x					x	
71	Victreebel						•*	•*	•*	•*	•*	•*		•*			•*	•*			•*	•*									x		x	x						
72	Tentacool		○	○	○	○	○	○	○	○	○	○					○	○	○	○	○	○	○	○		x			x			x	x	x						
73	Tentacruel		○	○	○	○	○	○	○	○	○	○					30	30	○	○	○	○	○	○		x			x			x	x	x						
74	Geodude		○	○	○	○	○	○	○	○	○	○	◘	◘			○	○	○	○									x		x		x	x						
74	Geodude	alola																			○	○	◘	◘						x		x	x							
75	Graveler		○	○	○	○	○	○	○	○	○	○	○	○			○	○	○	○									x		x		x	x						
75	Graveler	alola																			○	○	○	○						x		x	x							
76	Golem		•*	•*	•*	•*	•*	•*	•*	•*	•*	•*	•*	•*			•*	•*	•*	•*									x		x		x	x						
76	Golem	alola																			•*	•*	•*	•*						x		x	x							
77	Ponyta					○	○	○	○	○	○	○	◘	◘			○*	○*	○	○					x		x		x				x	x						
77	Ponyta	galar																							x		x													
78	Rapidash					○	○	40	40	40	○	○	○	○			•*	•*	•*	•*					x		x		x				x	x					x	
78	Rapidash	galar																							x		x													
79	Slowpoke						○		○	○	○	○	○	○	○	○	○	○	○*	○*	○	○	○	○		x				x			x	x	x					
79	Slowpoke	galar																								x				x		x								
80	Slowbro						○		37	37	○	○	○	○	37	37	37	37	37	37	○	○	○	○		x				x			x	x	x					
80	Slowbro	galar																								x				x		x								
81	Magnemite		○	○	○	○	○	○	○	○	○	○		○	○	○	◘	◘	○	○	○	○	○	○		x			x	x		x	x	x		x				
82	Magneton		○	○	○	○	○	30	30	○	○	○		30	○	○	○	○	30	30	30	30	30	30		x			x	x		x	x	x		x			x	
83	Farfetch'd					◙	◙	○	○	○	○	○	○	○	○	○	○	○							x								x	x					x	
83	Farfetch'd	galar																							x															
84	Doduo		○	○	○	○	○	○	○	○	○	○	○	○	○	○	○	○	○	○												x	x	x						
85	Dodrio		○	○	○	31	31	31	31	31	○	○	31	31	31	31	31	31	31	31												x	x	x					x	
86	Seel					○	○	○		◘	○	○	○	○	○	○	◘	◘	○	○			○	○								x	x	x					x	
87	Dewgong					○	○	○		○	○	○	○	○	○	○	○*	○*	○	○			34	34								x	x	x						
88	Grimer		○	○	○	○	○	○	○	○	○	○			○	○	◘	◘	○	○										x			x	x					x	
88	Grimer	alola																			○	○	○	○						x		x	x							
89	Muk		38	38	38	38	○	38	38	38	○	○			○	○	○*	○*	38	38										x			x	x						
89	Muk	alola																			38	38	38	38						x		x	x							
90	Shellder					○		○	○	○	○	○	○	○	○	○	◘	○			○	○	○	○	x	x				x			x	x					x	
91	Cloyster					•*		•*	•*	•*	•*	•*	○	○	○	○	○*	○			○	○	○	○	x	x				x			x	x						
92	Gastly					○	○	○	○	○	○	○		○			◘	◘			○	○	○	○	x				x	x	x		x	x	x					
93	Haunter					○	○	○	○	○	○	○		25			○	○			○	○	○	○	x				x	x	x		x	x	x					
94	Gengar					•*	•*	•*	•*	•*	•*	•*		•*			•*	•*			○	○	○	○	x				x	x	x		x	x	x					
95	Onix					○	○	○	○	○	○	○	○	○	○	○	○	○	○	○			○*	○*	x				x				x	x	x	x				
96	Drowzee					○	○	○	○	○	○	○			◘	◘	○*	○*	◘	◘	○	○	○	○						x			x	x						
97	Hypno					○	○	26	26	26	○	○			○	○	26	26	○	○	○	○	○	○						x			x	x					x	
98	Krabby					○	○	○	○	○	○	○	○	○	○	○	○*	○*	○	○					x	x							x	x						
99	Kingler					28	○	28	28	28	○	○	○	○	○	○	28	28	28	28					x	x							x	x						
100	Voltorb		○	○	○	○	○	○	○	○	○	○					◘	◘	○	○			◘	◘						x			x	x					x	
100	Voltorb	hisui																											x	x			x	x						
101	Electrode		○	○	○	○	○	30	30	30	○	○					○	○	○	○			○	○						x			x	x						
101	Electrode	hisui																											x	x			x	x						
102	Exeggcute					○	○	○	○	○	○	○	○	○			○	○			○	○	○	○		x						x	x	x		x				
103	Exeggutor					•*	•*	•*	•*	•*	•*	•*	•*	•*			•*	•*					•*	•*		x						x	x	x					x	
103	Exeggutor	alola																			○	○	○	○		x						x	x			x				
104	Cubone					○	○	○	○	○	○	○	◘	◘			○	○			○	○	○	○		x							x	x		x				
105	Marowak					○	○	28	28	28	○	○	○	○			○*	○*					•*	•*		x							x	x					x	
105	Marowak	alola																			•*	•*	•*	•*		x							x			x				
106	Hitmonlee					◙	◙	•*	•*	•*	•*	•*	•*	•*			•*	•*	•*	•*					x							x	x	x		x			x	
107	Hitmonchan					◙	◙	•*	•*	•*	•*	•*	•*	•*			•*	•*	•*	•*					x							x	x	x		x			x	
108	Lickitung					◙	◙	○	○	○	○	○	○	○	○	○	○	○					○	○		x			x				x	x		x			x	
109	Koffing		○	○	○	○	○	◘	◘	○	○	○			○	○			○	○					x						x		x	x		x				
110	Weezing		35	35	35	○	35	○	○	○	○	○			○	○			35	35					x						x		x	x						
110	Weezing-Galar	galar																							x					x	x					x				
111	Rhyhorn		○	○	○	○	○	○	○	○	○	○		○	◙	◙	○	○	○	○	○*	○*	○*	○*	x	x			x			x	x	x		x				
112	Rhydon		42	42	42	42	42	○	○	○	○	○		42	42	42	○*	○*	42	42	42	42	42	42	x	x			x			x	x	x		x			x	
113	Chansey					○	○	○	○	○	○	○		•*	•*	•*	○*	○*	•*	•*	○	○	○	○		x			x	x		x	x	x		x			x	
114	Tangela					○	○			○	○	○	○	○	○	○	○*	○*	○*	○*						x			x				x	x		x			x	
115	Kangaskhan					○	○	○	○	○	○	○	○	○			○	○			○	○	○	○		x							x	x	x				x	
116	Horsea		○	○	○	○	○	○	○	○	○	○	○	○	○	○	○	○	○	○	○*	○*	○*	○*		x						x	x	x		x				
117	Seadra		32	32	32	○	32	○	○	○	○	○	○	○	○	○	○	○	○	○	32	32	32	32		x						x	x	x		x				
118	Goldeen		○	○	○	○	○	○	○	○	○	○	○	○	○	○	○	○	○	○	○	○	○	○	x	x							x	x						
119	Seaking		○	○	○	○	○	○	○	○	○	○	○	○	○	○	○	○	○	○	○	○	○	○	x	x							x	x						
120	Staryu		○	○	○		○	○	○	○	○	○	○	○	○	○	○		○	○	○	○	○	○		x							x	x						
121	Starmie		•*	•*	•*		•*	•*	•*	•*	•*	•*	○	○	○	○	○		•*	•*	○	○	○	○		x							x	x					x	
122	Mr. Mime					◙	◙	○	•*	○	○	○				○	○	○					○	○	x		x		x				x	x					x	
122	Mr. Mime	galar																							x		x									x				
123	Scyther					○		○		○	○	○					○	○			○	○	○	○		x			x	x		x	x	x	x	x			x	
124	Jynx					◙	◙	30	30	○	○	○	○	○			○	○					○	○			x						x	x		x				
125	Electabuzz					○		30	30	○	○	○		30		30	○*	○*	30	30	○	○	○	○			x		x			x	x	x		x			x	
126	Magmar						○	30	30	○	○	○		30	30		○*	○*	30	30	○	○	○	○			x		x			x	x	x		x			x	
127	Pinsir		○	○	○		○		○	○	○	○	○	○	○	○	○	○*	○	○	○	○	○	○		x							x	x	x				x	
128	Tauros					○	○	○	○	○	○	○					○	○			○	○	○	○		x				x		x	x	x					x	
128	Tauros	paldea																												x										
129	Magikarp		○	○	○	○	○	○	○	○	○	○	◙	◙	◙	◙	○	○	○	○	○	○	○	○	x	x	x		x	x	x		x	x	x					
130	Gyarados		○	○	○	○	○	○	○	○	○	○	20	20	○	○	○	○	○	○	○	○	○	○	x	x	x		x	x	x		x	x	x					
131	Lapras					○	○	○	○	○	○	○	○	○	○	○	○	○			○	○	○	○	x		x					x	x	x					x	
132	Ditto				○	○	○	○	○	○	○	○	○	○	○	○	○	○	○*	○*	○	○	○	○	x	x				x			x	x						
133	Eevee					◙	◙	◙	◙	◙	◙	◙			◙	◙	○	○	○	○	○	○	○	○	x		x		x	x			x	x		x				x
134	Vaporeon					•*	•*	•*	•*	•*	•*	•*			•*	•*	•*	•*	•*	•*	•*	•*	•*	•*	x		x		x	x			x	x						
135	Jolteon					•*	•*	•*	•*	•*	•*	•*			•*	•*	•*	•*	•*	•*	•*	•*	•*	•*	x		x		x	x			x	x						
136	Flareon					•*	•*	•*	•*	•*	•*	•*			•*	•*	•*	•*	•*	•*	•*	•*	•*	•*	x		x		x	x			x	x						
137	Porygon					◙	◙	○	○	○	◙	◙		○					○*	○*	◙	◙	◙	◙		x			x			x	x	x		x				
138	Omanyte					◙	◙	◙	◙	◙	◙	◙	◙	◙	◙	◙		◙		◙			◙				x						x	x						
139	Omastar					40	40	40	40	40	40	40	40	40	40	40		40		40			40				x						x	x						
140	Kabuto					◙	◙	◙	◙	◙	◙	◙	◙	◙	◙	◙		◙	◙					◙			x						x	x						
141	Kabutops					40	40	40	40	40	40	40	40	40	40	40		40	40					40			x						x	x						
142	Aerodactyl					◙	◙	◙	◙	◙	◙	◙	◙	◙	◙	◙	◙	◙	◙	◙	◙	◙	◙	◙			x						x	x	x					
143	Snorlax					○	○	•*	•*	•*	○	○	•*	•*	◙	◙	○	○			○	○	○	○	x		x		x		x		x	x		x			x	
144	Articuno					○	○			○	○	○					○*	○*					○	○			x			x			x	x					x	
144	Articuno	galar																									x			x										
145	Zapdos					○	○			○	○	○					○*	○*					○	○			x			x			x	x					x	
145	Zapdos	galar																									x			x										
146	Moltres					○	○			○	○	○					○*	○*					○	○			x			x			x	x					x	
146	Moltres	galar																									x			x										
147	Dratini					○	○	○	○	○	○	○	○	○	○	○	○	○			○	○	○	○			x			x			x	x						
148	Dragonair					○	○	○	○	○	○	○	○	○	○	○	○	○			○	○	○	○			x			x			x	x						
149	Dragonite					55	55	55	55	55	55	55	○	○	○	○	55	55			○	○	○	○			x			x			x	x					x	
150	Mewtwo					○	○				○	○					○	○					○	○				x		x			x	x	x					
151	Mew		Δ	Δ	Δ	Δ	Δ	Δ	Δ	Δ	Δ	Δ					Δ	Δ	Δ	Δ	Δ	Δ						x		x			x	x						
152	Chikorita				◙						◙	◙							◙	◙	○*	○*										x		x						x
153	Bayleef				16						16	16							16	16	16	16										x		x			x			
154	Meganium				32						32	32							32	32	32	32										x		x						
155	Cyndaquil				◙						◙	◙							◙	◙	○*	○*							x	x		x		x		x				x
156	Quilava				14						14	14							14	14	14	14							x	x		x		x		x	x			
157	Typhlosion				36						36	36							36	36	36	36								x		x		x						
157	Typhlosion	hisui																											x	x						x				
158	Totodile				◙						◙	◙							◙	◙	○*	○*										x		x						x
159	Croconaw				18						18	18							18	18	18	18										x		x			x			
160	Feraligatr				30						30	30							30	30	30	30										x		x						
161	Sentret					○	○	○	○	○	○	○	○	○	◘	◘	○	○													x			x						
162	Furret					15	15	15	15	15	○	○	15	15	○	○	15	15													x			x			x			
163	Hoothoot				○			○	○	○	○	○	◘	◘	◘	◘	○*	○*					○	○	x						x			x						
164	Noctowl				20			○	○	○	○	○	○	○	○	○	○	○					○	○	x						x			x			x			
165	Ledyba				○	○	○	◘	◘	◘		○	◘	◘		◘	○	○			○	○	○	○										x					x	
166	Ledian				18	18	18	○	○	○		○	○	○		○	18	18			○	○	○	○										x			x			
167	Spinarak				○	○	○	◘	◘	◘	○		◘	◘	◘		◘	◘	◘	◘	○	○	○	○							x			x					x	
168	Ariados				22	22	22	○	○	○	○		○	○	○		○	○	○	○	○	○	○	○							x			x			x			
169	Crobat		•*	•*	•*	•*	•*	•*	•*	•*	•*	•*	○	○	○	○	•*	•*	•*	•*	○	○	○	○			x		x					x		x				
170	Chinchou		○	○	○			○	○	○	○	○	○	○	○	○	○	○	○	○	○	○	○	○	x	x						x		x						
171	Lanturn		27	27	27			○	○	27	○	○	○	○	○	○	○	○	○	○	27	27	○	○	x	x						x		x						
172	Pichu		◘	◘	◘	◘	◘	○	○	○	○	○					◘	◘	◘	◘	○	○	○	○	x	x			x	x	x			x		x				
173	Cleffa					◘	◘	○	○	○	◘	◘	◘	◘	◘	◘	◘	◘	◘	◘	○	○	○	○	x		x		x		x			x		x				
174	Igglybuff		◘	◘	◘	◘	◘	○	○	○	◘	◘	◘	◘	◘	◘	◘	◘	◘	◘	○	○	○	○		x				x				x		x				
175	Togepi					◙	◙	○	○	○	◙	◙		○	◙	◙	○*	○*	◙	◙	◘	◘			x				x					x		x		x	x	
176	Togetic					•*	•*	•*	•*	•*	•*	•*		•*	•*	•*	•*	•*	•*	•*	•*	•*			x				x					x		x	x			
177	Natu		○	○	○	○	○	○	○	○	○	○			○	○	◘	◘	◘	◘	○	○	○	○	x									x					x	
178	Xatu		○	○	○	25	25	25	25	25	25	25			25	25	○*	○*	○	○	○	○	○	○	x									x						
179	Mareep				○			○	○	○	○	○		○	○	○	○	○					○	○						x				x	x			x	x	
180	Flaaffy				15			○	○	○	○	○		15	15	15	15	15					15	15						x				x	x		x			
181	Ampharos				30			30	30	30	30	30		30	30	30	30	30					30	30						x				x	x					
182	Bellossom		•*	•*	•*	•*		•*	•*	•*	•*	•*		•*			•*	•*	•*	•*					x							x		x		x				
183	Marill		○	○	○		○	○	○	○	○	○		•*	○	○	○	○	○	○	○*	○*				x				x				x		x				
184	Azumarill		18	18	18		18	18	18	○	18	18		18	○	○	○	○	○	○	18	18				x				x				x		x				
185	Sudowoodo				○			•*	○	○	○	○			○		○	○			○	○	○	○	x				x	x	x			x		x	x			
186	Politoed					•*	•*	•*	•*	•*	•*	•*	○	○	○	○	○	○			○	○	○	○		x					x			x		x				
187	Hoppip					○	○	○	○	○	○	○		○	○	○	○	○												x				x						x
188	Skiploom					18	18	○	○	18	○	○		18	18	18	18	18												x				x			x			
189	Jumpluff					27	27	27	27	27	○	○		27	27	27	27	27												x				x						
190	Aipom				○			○	○	○	○	○			◘	◘	○*	○*	○	○			○	○					x		x			x		x	x			
191	Sunkern				○			○	○	○	○	○	○	○	○	○	○*	○*	○*	○*										x				x						
192	Sunflora				•*			•*	•*	•*	•*	•*	○	○	•*	•*	•*	•*	•*	•*										x				x			x			
193	Yanma					○	○	○	○	○	○	○	○	○	○	○	○	○					◘	◘					x		x			x		x	x			
194	Wooper				○	○		○	○	○	○	○		○	◘	◘	○*	○*					◘	◘	x	x				x	x			x						x
195	Quagsire				○	20		○	○	○	○	○		20	○	○	○	○					○	○	x	x				x	x			x			x			
196	Espeon							•*	•*	•*	•*	•*			•*	•*	•*	•*	•*	•*	○	○	○	○	x		x		x	x				x		x		x		
197	Umbreon							•*	•*	•*	•*	•*			•*	•*	•*	•*	•*	•*	○	○	○	○	x		x		x	x				x		x		x		
198	Murkrow					○		○			○	○	○		○	○	○	○	○	○	○	○	○	○					x	x				x		x	x			
199	Slowking						•*		•*	•*	•*	•*	○	○	◙	◙	•*	•*	•*	•*	•*	•*	○	○		x				x				x		x				
199	Slowking	galar																								x				x		x								
200	Misdreavus						○		○		○	○		○					○	○	○	○	○	○					x	x				x		x	x			
201	Unown A					○	○	○	○	○	○	○							○*	○*									x					x						
201	Unown ?	question				○	○	○	○	○	○	○							○*	○*														x						
202	Wobbuffet		○	○	○	○	○	○	○	○	○	○	15	15	◙	◙	○	○	○	○					x									x		x				
203	Girafarig		○	○	○			○	○	○	○	○			○	○	○*	○*	○	○										x		x		x		x				
204	Pineco				○			○	○	○	○	○	○	○	○	○	◘	◘	◘	◘			○	○						x				x					x	
205	Forretress				31			31	31	31	31	31	31	31	31	31	○*	○*	○*	○*			31	31						x				x			x			
206	Dunsparce					○	○	○	○	○	○	○	○	○	○	○	○	○					○	○		x				x	x			x		x	x			
207	Gligar				○			○	○	○	○		○	○	○	○	○	○											x		x			x		x	x			x
208	Steelix					•*	•*	○	○	○	○	○	•*	•*	○	○	•*	•*	•*	•*			•*	•*	x				x					x	x	x				
209	Snubbull				○			○	○	○	○	○			◘	◘	○	○			◘	◘	○*	○*								x		x						
210	Granbull				23			23	23	23	23	23			○	○	23	23			○	○	○	○								x		x			x			
211	Qwilfish					○		○	○	○	○	○	○	○	○	○	○	○							x					x				x			x			
211	Qwilfish	hisui																											x	x		x								
212	Scizor					•*		•*		•*	•*	•*					•*	•*			•*	•*	•*	•*		x			x	x		x		x	x			x		
213	Shuckle				○			○*	○*	○*	○	○	○	○	○	○	○	○							x		x							x			x			x
214	Heracross		○	○	○	○	○	○	○	○	○	○	○	○	○	○	○*	○	○	○			○	○		x			x	x	x			x	x		x			
215	Sneasel						○	○	○	○	○	○	○	○	○	○	○	○			○	○	○	○	x		x		x	x	x			x		x	x			
215	Sneasel	hisui																											x	x										
216	Teddiursa				○			○*	○*	○*		○			◙	◙	○*	○*											x	x				x		x			x	
217	Ursaring				30			○*	○*	○*		○			30	30	○	○											x	x				x		x	x			
218	Slugma		○	○	○	○	○	○	○	○	○	○					○	○	○	○			◘	◘							x			x			x			
219	Magcargo		38	38	38	○	○	○	○	○	38	38					○*	○*	38	38			○	○							x			x					x	
220	Swinub					○	○	○	○	○	○	○	◘	◘	◘	◘	◘	◘			○*	○*	○*	○*	x		x		x		x			x		x			x	
221	Piloswine					33	33	33	33	○	33	33	○	○	○	○	○	○			33	33	33	33	x		x		x		x			x		x	x			
222	Corsola		○	○	○			○	○	○	○	○	○	○	○	○	○	○	○	○	○	○	○	○	x									x						
222	Corsola	galar																							x															
223	Remoraid				○		○	○	○	○	○	○	○	○	○	○	○	○	○	○			○	○	x	x			x					x			x			
224	Octillery				○		25	○	○	○	25	25	○	○	○	○	○	○	○	○			○	○	x	x			x					x						
225	Delibird					○		○	○	○		○	○	○	○	○	○	○	○	○	○	○	○	○	x		x			x				x			x			
226	Mantine						○	•*	•*	•*	○		○	○	○	○	•*	•*	○	○			•*	•*	x	x			x					x		x	x			
227	Skarmory		○	○	○	○		○	○	○		○			○	○	○	○	○	○	○	○	○	○		x						x		x			x			
228	Houndour				○				◘	○	○	○	○				○						○*							x	x			x	x				x	
229	Houndoom				24				○	24	○	○	24				24						○							x	x			x	x		x			
230	Kingdra		•*	•*	•*	•*	•*	•*	•*	•*	•*	•*	○	○	○	○	•*	•*	•*	•*	•*	•*	•*	•*		x						x		x		x				
231	Phanpy		○	○	○	○	○	○	○	○	○				◙	◙	○*	○*	◘	◘										x				x						x
232	Donphan		25	25	25	25	25	25	25	25	○				25	25	25	25	○	○										x				x						
233	Porygon2					•*	•*	•*	•*	•*	•*	•*	•*	•*					•*	•*	•*	•*	•*	•*		x			x			x		x		x				
234	Stantler				○				○	○	○	○	○	○					○*	○*									x	x	x			x		x	x			
235	Smeargle							○	○	○	○	○	○	○			○	○			○	○	○	○								x		x			x			
236	Tyrogue					◘	◘	○	○	○	◙	◙	○	○			○*	○*	○	○					x							x		x		x				
237	Hitmontop					•*	•*	•*	•*	•*	•*	•*	•*	•*			•*	•*	•*	•*					x							x		x			x			
238	Smoochum					◘	◘	○	○	○	◘	◘	◘	◘			○	○					○	○			x							x		x				
239	Elekid					◘		○	○	◘	◘	◘		○		○	◘	◘	○*	○*	○	○	○	○			x		x			x		x		x				x
240	Magby						◘	○	○	◘	◘	◘		○	○		◘	◘	○*	○*	○	○	○	○			x		x			x		x		x				
241	Miltank				○			○	○	○	○	○					○	○			○	○	○	○		x								x			x			
242	Blissey					•*	•*	•*	•*	•*	•*	•*		•*	•*	•*	•*	•*	•*	•*	•*	•*	○	○		x			x	x		x		x						
243	Raikou					○*	○*				○	○							○	○			○					x						x			x			
244	Entei					○*	○*				○	○							○	○				○				x						x			x			
245	Suicune					○*	○*				○	○							○	○			○*	○*				x						x			x			
246	Larvitar					○	○	○		○	○	○	◘	◘	◘	◘	◘	○					○	○	x		x			x				x	x					x
247	Pupitar					30	30	30		30	○	○	○	○	○	○	○*	○					30	30	x		x			x				x	x					
248	Tyranitar					55	55	55		55	55	55	○	○	○	○	55	55					55	55	x		x			x				x	x		x			
249	Lugia										○	○								○				○				x						x					x	
250	Ho-Oh										○	○							○				○					x						x				x		
251	Celebi		Δ	Δ	Δ	Δ	Δ	Δ	Δ	Δ	Δ	Δ					Δ	Δ	Δ	Δ	Δ	Δ	Δ	Δ				x						x				x		
252	Treecko		◙	◙	◙						◙	◙							◙	◙			◘	◘				x				x		x	x					
253	Grovyle		16	16	16						16	16							16	16			○*	○*				x				x		x	x					
254	Sceptile		36	36	36						36	36							36	36			36	36				x				x		x	x					
255	Torchic		◙	◙	◙						◙	◙							◙	◙			◘	◘				x				x		x	x					
256	Combusken		16	16	16						16	16							16	16			○*	○*				x				x		x	x					
257	Blaziken		36	36	36						36	36							36	36			36	36				x				x		x	x					
258	Mudkip		◙	◙	◙						◙	◙							◙	◙			◘	◘				x				x		x	x					
259	Marshtomp		16	16	16						16	16							16	16			○*	○*				x				x		x	x					
260	Swampert		36	36	36						36	36							36	36			36	36				x				x		x	x					
261	Poochyena		○	○	○			◘		○	○	○		○			◘	◘	○	○											x			x					x	
262	Mightyena		18	18	○			○		18	18	18		18			○	○*	18	18											x			x						
263	Zigzagoon		○	○	○			○	○	○	○	○					○	○	○	○					x		x							x						
263	Zigzagoon	galar																							x		x													
264	Linoone		○	○	○			20	20	20	○	○					20	20	○	○					x		x							x						
264	Linoone	galar																							x		x													
265	Wurmple		○	○	○			○	○	○	○	○		○			◘	◘	○	○									x					x						
266	Silcoon		○	○	○			○	•*	○	○	○		•*			•*	•*	○	○									x					x						
267	Beautifly		10	10	10			○	10	○	○	○		10			○*	○*	10	10									x					x						
268	Cascoon		○	○	○			•*	○	○	○	○		•*			○*	○*	○	○									x					x						
269	Dustox		10	10	10			10	○	○	○	○		10			10	10	10	10									x					x						
270	Lotad			○	○			○*	○*	○*	○	○		○	◘	◘	◘	◘		○			◘	◘	x						x			x						
271	Lombre			○	○			○*	○*	○*	14	14		14	○	○	○	○		○			○	○	x						x			x						
272	Ludicolo			•*	•*			•*	•*	•*	•*	•*		•*	•*	•*	•*	•*		•*			•*	•*	x						x			x						
273	Seedot		○		○			○*	○*	○*	○	○		○	◘	◘	◘	◘	○				◘	◘	x						x			x					x	
274	Nuzleaf		○		○			○*	○*	○*	○	○		14	○	○	○*	○*	○				○	○	x						x			x						
275	Shiftry		•*		•*			•*	•*	•*	•*	•*		•*	○	○	•*	•*	•*				•*	•*	x						x			x						
276	Taillow		○	○	○			◘	◘	◘	○	○	◘	◘	◘	◘	○	○	○	○			◘	◘										x						
277	Swellow		○	○	○			○	○	○	22	22	○	○	○	○	22	22	22	22			○	○										x					x	
278	Wingull		○	○	○			○	○	○	○	○	○	○	◘	◘	○	○	○	○	○	○	○	○	x	x				x				x						
279	Pelipper		○	○	○			○	○	○	25	25	○	○	○	○	25	25	○	○	○	○	○	○	x	x				x				x						
280	Ralts		○	○	○			○	○	○	○	○		○	◙	◙	○	○	○	○			○*	○*	x	x			x	x	x			x	x	x			x	
281	Kirlia		20	20	20			○	○	○	20	20		20	20	20	○*	○*	20	20			20	20	x	x			x	x	x			x	x	x				
282	Gardevoir		30	30	30			30	30	30	30	30		30	30	30	30	30	30	30			30	30	x	x			x	x	x			x	x					
283	Surskit		○	○	○*			○	○	○	○	○		○	◘	◘	◘	◘	○	○	○	○	○	○						x	x			x						x
284	Masquerain		22	22	22			22	22	○	○	○		22	○	○	○	○	○	○	○	○	○	○						x	x			x						
285	Shroomish		○	○	○			○	○	○	○	○	○		◘	◘	◘	◘	○	○										x				x					x	
286	Breloom		23	23	23			23	23	23	○	○	23		○	○	○*	○*	23	23										x				x						
287	Slakoth		○	○	○			○	○	○	○	○		○	◘	◘			○	○	◘	◘								x		x		x						
288	Vigoroth		18	18	18			18	18	18	○	○		18	○	○			18	18	○*	○*								x		x		x						
289	Slaking		36	36	36			36	36	36	36	36		36	○	○			36	36	36	36								x		x		x						
290	Nincada		○	○	○			○	○	○	○	○					○	○	○	○					x									x						
291	Ninjask		20	20	20			20	20	20	20	20					20	20	20	20					x									x						
292	Shedinja		•*	•*	•*			•*	•*	•*	•*	•*					•*	•*	•*	•*					x									x						
293	Whismur		○	○	○			◘	◘	◘	○	○		○			○	○	○	○						x								x						
294	Loudred		○	○	○			○	○	○	20	20		20			○*	○*	○	○						x								x						
295	Exploud		40	40	40			40	40	40	40	40		40			40	40	40	40						x								x						
296	Makuhita		○	○	○			○	○	○	○	○			◘	◘	◘	◘	○	○	○	○	○	○						x				x					x	
297	Hariyama		○	○	○			24	24	24	24	24			○	○	○	○	○	○	○	○	○	○						x				x						
298	Azurill		◘*	◘*	◘*			○	○	○	○	○		○	○	○	○	○	◘*	◘*	◘*	◘*				x				x				x		x				
299	Nosepass		○	○	○			○	○	○	○	○			○	○	○	○	○	○	○	○	○	○					x		x			x		x			x	
300	Skitty		○	○	○			○	○	○	○*	○*				○	○	○	○	○														x						
301	Delcatty		•*	•*	•*			•*	•*	•*	○*	○*				○	•*	•*	•*	•*														x					x	
302	Sableye			○	○			○*	○*	○*	○		○	○	◙	◙	○	○		○	○	○	○	○	x		x			x				x	x				x	
303	Mawile		○		○			○*	○*	○*		○	○	○	◙	◙	○	○	○				○	○	x		x							x	x				x	
304	Aron		○	○	○			○		○	○	○		○	○	○	○		○	○			◘	◘			x							x	x					x
305	Lairon		○	○	○			32		32	○	○		32	○	○	○		○	○			32	32			x							x	x					
306	Aggron		42	42	42			42		42	42	42		42	42	42	42		42	42			○*	○*			x							x	x					
307	Meditite		○	○				○	○	○	○	○			◘	◘	○	○	○	○			◘	◘						x				x	x		x			x
308	Medicham		○	○				○	○	○	○	○			○	○	37	37	○	○			○	○						x				x	x					
309	Electrike		○	○	○			○	○	○	○	○			◘	◘		○	○	○				○*	x									x	x					
310	Manectric		○	○	○			26	26	26	○	○			○	○		○*	26	26				○	x									x	x				x	
311	Plusle		○	○	○			○	○	○	○	○	○		○		○	○	○	○												x		x				x		
312	Minun		○	○	○			○	○	○	○	○		○		○	○	○	○	○												x		x						
313	Volbeat		○	○	○			○	○	○	○	○	○	◘	○	◘	○	○	○	○											x			x						
314	Illumise		○	○	○			○	○	○	○	○	◘	○	◘	○	○	○	○	○											x			x						
315	Roselia		○	○				○	○	○	○	○		•*	○	○	○	○	○	○	○*	○*			x				x					x		x			x	
316	Gulpin		○	○	○			○	○	○		○			◘	◘	○	○	○	○										x				x					x	
317	Swalot		26	26	26			26	26	26		26			○	○	○*	○*	26	26										x				x						
318	Carvanha		○	○	○			○	○	○	○*	○*	○	○	○	○	○	○	○	○	◘	◘	○	○		x								x	x				x	
319	Sharpedo		○	○	○			○	○	30	30	30	○	○	○	○	○	○	○	○	○	○	○	○		x								x	x					
320	Wailmer		○	○	○			○	○	○	○*	○*	○	○	○	○	○	○	○	○	○	○	○	○	x	x								x						
321	Wailord		○	○	○			○	○	○	40	40	○	○	○	○	40	40	40	40	○	○	○	○	x	x								x						
322	Numel		○	○	○			○	○	○	○	○				○	◘	◘	○	○										x		x		x	x				x	
323	Camerupt		33	33	33			○	○	○	33	33				○	○*	○*	33	33										x		x		x	x					
324	Torkoal		○	○	○			○	○	○	○	○					○	○	○	○	○	○	○	○	x	x				x		x		x						
325	Spoink		○	○	○			○	○	○	○	○			○		○	○	○	○			◘	◘						x	x			x						
326	Grumpig		32	32	32			32	32	32	32	32			○		○*	○*	32	32			○	○						x	x			x						
327	Spinda		○	○	○			○	○	○	○	○			◙	◙	○	○	○	○	○	○	○	○										x						
328	Trapinch		○	○	○			○	○		○	○		○	○	○	○	○	○	○	○	○	○	○	x							x		x						x
329	Vibrava		35	35	35			○	○		○	○		35	○	○	35	35	35	35	35	35	35	35	x							x		x			x			
330	Flygon		45	45	45			45	45		45	45		45	45	45	45	45	45	45	45	45	45	45	x							x		x						
331	Cacnea		○	○	○			○	○	○	○	○			◘	◘	◘	◘	○	○										x				x						
332	Cacturne		32	32	32			○	○	○	○	○			○	○	○*	○*	32	32										x				x						
333	Swablu		○	○	○			○	○	○	○	○	◘	◘	○	○	○	○	○	○			◘	◘			x			x		x		x	x		x			
334	Altaria		○	○	○			35	35	35	35	35	○	○	○	○	○	○	35	35			○	○			x			x		x		x	x				x	
335	Zangoose		○					○*	○*	○*	○	○	○	○	○	○	○	○	○											x		x		x					x	
336	Seviper			○	○			○*	○*	○*	○	○	○	○	○	○	○	○		○										x		x		x						
337	Lunatone			○				○*	○*	○*	○	○	○	○	○	○	○	○		○					x									x					x	
338	Solrock		○		○			○*	○*	○*	○	○	○	○	○	○	○	○	○						x									x					x	
339	Barboach		○	○	○			○	○	○	○	○	○	○	○	○	○	○	○	○	○	○	○	○	x	x	x		x	x	x			x						
340	Whiscash		○	○	○			○	○	○	○	○	○	○	○	○	○	○	○	○	○	○	○	○	x	x	x		x	x	x			x						
341	Corphish		○	○	○			○	○	○	○	○		○	○	○	○	○	○	○			○	○	x	x					x			x						
342	Crawdaunt		30	30	30			○	○	○	30	30		30	○	○	○	○	○	○			○	○	x	x					x			x						
343	Baltoy		○	○	○			○	○	○	○		◘	◘	○	○			○	○				○	x		x							x					x	
344	Claydol		○	○	○			36	36	36	36		○	○	36	36			○	○				36	x		x							x						
345	Lileep		◙	◙	◙			◙	◙	◙	◙	◙	◙	◙	◙	◙	◙		◙	◙				◙			x							x						
346	Cradily		40	40	40			40	40	40	40	40	40	40	40	40	40		40	40				40			x							x						
347	Anorith		◙	◙	◙			◙	◙	◙	◙	◙	◙	◙	◙	◙	◙		◙	◙			◙				x							x						
348	Armaldo		40	40	40			40	40	40	40	40	40	40	40	40	40		40	40			40				x							x						
349	Feebas		○	○	○			○	○	○	○*	○*	○	○	○	○			○	○	○	○	○	○	x		x				x			x						
350	Milotic		•*	•*	•*			•*	•*	•*	•*	•*	○	○	○	○			•*	•*	•*	•*	•*	•*	x		x				x			x						
351	Castform		◙	◙	◙			○	○	○	○*	○*			○	○			◙	◙	○	○	○	○										x						
352	Kecleon		○	○	○			○		○	○*	○*			○	○	○	○	○	○			○	○										x						
353	Shuppet		○	○	○			◘	◘	◘	○	○	○	○	◘	◘	○*	○*	○	○			○	○						x				x	x					
354	Banette		37	○	○			○	○	○	37	37	37	37	○	○	○	○	37	37			○*	37						x				x	x				x	
355	Duskull		○	○	○			○	○	○	○	○					◘	◘	○	○					x				x		x			x		x			x	
356	Dusclops		○	37	37			○	○	○	○	○					○*	○*	37	37					x				x		x			x		x				
357	Tropius		○	○	○					○	○*	○*	○	○	○	○	○*	○*	○	○			○	○						x				x			x			
358	Chimecho		○	○	○			○	○	○	○	○	○	○			◘	◘	○	○									x		x			x		x				
359	Absol		○	○	○			○	○	○	○	○	○	○	○	○	○	○	○	○	○	○	○	○			x							x	x		x			
360	Wynaut		○	○	○			◘*	◘*	◘*	◘*	◘*	○	○	◘*	◘*	◘*	◘*	◙	◙					x									x		x				
361	Snorunt		○	○	○			○	○	○	○*	○*					○*	○*	○	○	○	○	○	○	x		x		x	x	x			x	x	x			x	
362	Glalie		42	42	42			42	42	42	42	42					42	42	42	42	○	○	○	○	x		x		x	x	x			x	x					
363	Spheal		○	○	○				○	◘	○	○	○	○	○	○	○*	○*	○	○	○*	○*	○*	○*			x		x					x					x	
364	Sealeo		32	32	32				○	○	○	○	○	○	○	○	32	32	○	○	32	32	32	32			x		x					x						
365	Walrein		44	44	44				44	44	44	44	○	○	○	○	44	44	44	44	44	44	44	44			x		x					x						
366	Clamperl		○	○	○			○	○		○	○	○	○	○	○	○	○	○	○			○	○										x						
367	Huntail		•*	•*	•*			•*	•*		•*	•*	•*	○	•*	○	○	•*	•*	•*			○	○										x						
368	Gorebyss		•*	•*	•*			•*	•*		•*	•*	○	•*	○	•*	•*	○	•*	•*			○	○										x						
369	Relicanth		○	○	○			○	○	○	○	○	○	○	○	○	○	○	○	○	○	○	○	○			x							x						
370	Luvdisc		○	○	○			○	○	○	○	○	○	○	○	○	○	○	○	○	○	○	○	○						x		x		x						
371	Bagon		○	○	○				○	○	○	○		○	○	○	○	○	○	○	○	○	○	○			x			x				x	x					
372	Shelgon		30	30	30				30	30	○	○		30	30	30	○*	○*	30	30	○	○	○	○			x			x				x	x					
373	Salamence		50	50	50				50	50	50	50		50	50	50	50	50	50	50	○	○	○	○			x			x				x	x				x	
374	Beldum		◙	◙	◙			○	○	○	○	○	◘	◘	◘	◘	◘	◘	◙	◙	○	○	○	○			x					x		x	x					
375	Metang		20	20	20			20	20	20	○	○	○	○	○	○	○*	○*	20	20	20	20	20	20			x					x		x	x					
376	Metagross		45	45	45			45	45	45	45	45	○	○	○	○	45	45	45	45	45	45	45	45			x					x		x	x		x			
377	Regirock		○	○	○					○*					○	○			○	○			○	○			x							x						
378	Regice		○	○	○					○*					○*	○*			○	○			○	○			x							x						
379	Registeel		○	○	○					○*					○*	○*			○	○			○	○			x							x						
380	Latias		○	○	○						○	○				○			○	◙				○				x						x	x					
381	Latios		○	○	○						○	○			○				◙	○			○					x						x	x					
382	Kyogre			○	○						○									○				○				x		x				x	x					
383	Groudon		○		○							○							○				○					x		x				x	x					
384	Rayquaza		○	○	○						○*	○*							○	○			○*	○*				x		x				x	x					
385	Jirachi		Δ	Δ	Δ	Δ	Δ	Δ	Δ	Δ	Δ	Δ	Δ	Δ	Δ	Δ	Δ	Δ	Δ	Δ	Δ	Δ	Δ	Δ				x		x	x			x				x		
386	Deoxys				Δ	Δ	Δ	Δ	Δ	Δ	Δ	Δ	Δ	Δ	Δ	Δ			○	○														x						
387	Turtwig							◙	◙	◙									◙	◙			◘	◘					x	x		x		x						
388	Grotle							18	18	18									18	18			○*	○*					x	x		x		x						
389	Torterra							32	32	32									32	32			32	32					x	x		x		x						
390	Chimchar							◙	◙	◙									◙	◙			◘	◘					x	x		x		x						
391	Monferno							14	14	14									14	14			○*	○*					x	x		x		x						
392	Infernape							36	36	36									36	36			36	36					x	x		x		x						
393	Piplup							◙	◙	◙									◙	◙			◘	◘					x	x		x		x						
394	Prinplup							16	16	16									16	16			○*	○*					x	x		x		x						
395	Empoleon							36	36	36									36	36			36	36					x	x		x		x						
396	Starly							○	○	○	○	○		○			○	○			◘	◘							x	x	x			x						
397	Staravia							○	○	○	14	14		14			○	○			○*	○*							x	x	x			x						
398	Staraptor							34	34	34	34	34		34			34	34			34	34							x	x	x			x						
399	Bidoof							○	○	○	○	○	◘	◘	◘	◘	○	○											x					x						
400	Bibarel							○	○	○	15	15	○	○	○	○	○	○											x					x						
401	Kricketot							○	○	○	○	○	◘	◘					◘	◘									x	x	x			x						
402	Kricketune							○	○	○	○	○	○	○					○*	○*									x	x	x			x						
403	Shinx							○	○	○	○	○		○			◘	◘	◘	◘	◘	◘				x			x	x	x			x						
404	Luxio							○	○	○	○	○		15			○*	○*	○	○	○*	○*				x			x	x	x			x						
405	Luxray							30	30	30	30	30		30			30	30	30	30	30	30				x			x	x	x			x						
406	Budew							○	○	○	○	○		○	◘*		○	○	◘*	◘*	◘*	◘*			x				x					x		x				
407	Roserade							•*	•*	•*	•*	•*		•*	○	○	•*	•*	•*	•*	•*	•*			x				x					x		x				
408	Cranidos							◙		◙			◙	◙	◙	◙	◙	◙		◙	◙		◙						x			x		x						
409	Rampardos							30		30			30	30	30	30	30	30		30	30		30						x			x		x						
410	Shieldon								◙	◙			◙	◙	◙	◙	◙	◙	◙			◙		◙					x			x		x						
411	Bastiodon								30	30			30	30	30	30	30	30	30			30		30					x			x		x						
412	Burmy							○	○	○	○	○					○	○											x					x						
413	Wormadam							•*	•*	•*	•*	•*					•*	•*											x					x						
414	Mothim							•*	•*	•*	•*	•*					•*	•*											x					x						
415	Combee							○	○	○	○	○	○	○	○	○	○	○							x	x			x	x				x						
416	Vespiquen							•*	•*	•*	•*	•*	○	○	○	○	•*	•*							x	x			x	x				x						
417	Pachirisu							○	○	○	○	○			○	○	○	○											x	x	x			x						
418	Buizel							○	○	○	○	○	○	○	○	○	◘	◘					◘	◘					x	x				x						
419	Floatzel							○	○	○	○	○	○	○	○	○	○	○					○	○					x	x				x						
420	Cherubi							○	○	○	○	○	◘	◘					◘	◘					x				x					x						
421	Cherrim							25	25	25	25	25	○	○					○	○*					x				x					x						
422	Shellos							○	○	○	○*	○*			◙	◙	◘	◘	○				◙	◙	x				x	x				x						
423	Gastrodon							○	○	○	30	30			30	30	○*	○*	30				30	30	x				x	x				x						
424	Ambipom							•*	•*	•*	•*	•*			◙	◙	•*	•*	•*	•*			○	○					x		x			x		x				
425	Drifloon							○	○	○			◘	◘	○	○	○	○	○	○	○	○	○	○	x	x			x	x				x						
426	Drifblim							28	28	28			○	○	○	○	○*	○*	28	28	28	28	28	28	x	x			x	x				x						
427	Buneary							○	○	○	○	○			○				○	○			○	○		x			x					x	x					
428	Lopunny							•*	•*	•*	•*	•*			○				•*	•*			○	○		x			x					x	x					
429	Mismagius								•*		•*	•*		○					•*	•*	•*	•*	•*	•*					x	x				x		x				
430	Honchkrow							•*			•*	•*	○		•*	•*	•*	•*	•*	•*	•*	•*	○*	○*					x	x				x		x				
431	Glameow								○							○			○*	○*									x					x						
432	Purugly								○							38			○*	○*									x					x						
433	Chingling							○	○	○	○	○	◘*	◘*			○	○	◘	◘									x		x			x		x				
434	Stunky							○							○		○	○							x				x	x				x						
435	Skuntank							○							34		34	34							x				x	x				x						
436	Bronzor							○	○	○	○	○	◘	◘	○	○	◘	◘	○	○					x		x		x	x	x			x						
437	Bronzong							○	○	○	○	○	○	○	○	○	○*	○*	33	33					x		x		x	x	x			x						
438	Bonsly							○	○	○	◘*	◘*			◘*		◘*	◘*			○	○	○	○	x				x	x	x			x		x				
439	Mime Jr.							○	○	○	◘*	◘*				◘*	○	○					○	○	x		x		x					x		x				
440	Happiny							○	○	○	◘*	◘*		○	◙	◙	◘*	◘*	○*	○*	○	○	○	○		x			x	x		x		x		x				
441	Chatot							○	○	○	○	○			○	○	○	○	○	○									x					x						
442	Spiritomb							○*	○*	○*	○*	○*			◙	◙	○*	○*	○	○							x		x	x				x						
443	Gible							○	○	○	○	○			◙		○	○	○	○	◘	◘	◘	◘			x		x	x	x			x	x					
444	Gabite							24	24	○	24	24			24		○*	○*	24	24	○	○	○	○			x		x	x	x			x	x					
445	Garchomp							48	48	48	48	48			48		48	48	48	48	○	○	○	○			x		x	x	x			x	x					
446	Munchlax							○	○	○	◘*	◘*	◙	◙	◘*	◘*	◘*	◘*			○	○	○	○	x		x		x		x			x		x				
447	Riolu							◙	◙	◙	○	○	○	○	○	○	○	○			○	○	○	○	x		x		x	x	x			x	x					
448	Lucario							•*	•*	•*	•*	•*	•*	•*	•*	•*	•*	•*			○	○	○	○	x		x		x	x	x			x	x					
449	Hippopotas							○	○	○	○	○	○	○	◘*	◘*	○	○					◘	◘	x				x	x				x						
450	Hippowdon							○	○	○	34	34	34	34	○	○	34	34					○	○	x				x	x				x						
451	Skorupi							○	○	○	○	○			○	○	○	○	○	○			◘	◘	x	x			x					x						
452	Drapion							○	○	○	40	40			40	40	○	○	40	40			○	○	x	x			x					x						
453	Croagunk							○	○	○	○	○	○	○	○	○	○	○							x	x			x	x				x						
454	Toxicroak							○	○	○	37	37	○	○	37	37	○*	○*							x	x			x	x				x						
455	Carnivine							○	○	○	○	○			○	○	○	○											x					x						
456	Finneon							○	○	○	○*	○*	○	○	○	○			○	○	○	○	○	○					x	x		x		x						
457	Lumineon							○	○	○	31	31	○	○	○	○			31	31	○	○	○	○					x	x		x		x						
458	Mantyke							○	○	○	◘*		○	○	○	○	○	○	○	○			○	○	x	x			x					x		x				
459	Snover							○	○	○	○*	○*					○	○					◘	◘	x		x		x	x		x		x	x					
460	Abomasnow							○	○	○	40	40					○	○					○	○	x		x		x	x		x		x	x					
461	Weavile							•*	•*	•*	•*	•*	•*	•*	•*	•*	•*	•*			•*	•*	•*	•*	x		x		x	x	x			x		x				
462	Magnezone							•*	•*	•*				•*	○	○	•*	•*	•*	•*	•*	•*	•*	•*		x			x	x		x		x		x				
463	Lickilicky							•*	•*	•*	•*	•*	•*	•*	○	○	•*	•*					•*	•*		x			x					x		x				
464	Rhyperior							•*	•*	•*	•*	•*		•*	•*	•*	•*	•*	•*	•*	•*	•*	•*	•*	x	x			x			x		x		x				
465	Tangrowth							•*	•*	•*	•*	•*	○	○	○	○	•*	•*	•*	•*						x			x					x		x				
466	Electivire							•*	•*	•*	•*	•*		•*		•*	•*	•*	•*	•*	•*	•*	•*	•*			x		x			x		x		x				
467	Magmortar							•*	•*	•*	•*	•*		•*	•*		•*	•*	•*	•*	•*	•*	•*	•*			x		x			x		x		x				
468	Togekiss							•*	•*	•*	•*	•*		•*	•*	•*	•*	•*	•*	•*	○*	○*			x				x					x		x				
469	Yanmega							•*	•*	•*	•*	•*	•*	•*	○	○	•*	•*					○	○					x		x			x		x				
470	Leafeon							•*	•*	•*					•*	•*	•*	•*	•*	•*	•*	•*	•*	•*	x		x		x	x				x		x				
471	Glaceon							•*	•*	•*					•*	•*	•*	•*	•*	•*	•*	•*	•*	•*	x		x		x	x				x		x				
472	Gliscor							•*	•*	•*	•*		○	○	○	○	•*	•*											x		x			x		x				
473	Mamoswine							•*	•*	•*	•*	•*	○	○	○	○	•*	•*			•*	•*	•*	•*	x		x		x		x			x		x				
474	Porygon-Z							•*	•*	•*	•*	•*		•*					•*	•*	•*	•*	•*	•*		x			x			x		x		x				
475	Gallade							•*	•*	•*	•*	•*		•*	•*	•*	•*	•*	•*	•*			•*	•*	x	x			x	x	x			x	x	x				
476	Probopass							•*	•*	•*					•*	•*	•*	•*	•*	•*	•*	•*	•*	•*					x		x			x		x				
477	Dusknoir							•*	•*	•*	•*	•*					•*	•*	•*	•*					x				x		x			x		x				
478	Froslass							•*	•*	•*	•*	•*					•*	•*	•*	•*	•*	•*	•*	•*	x		x		x	x	x			x		x				
479	Rotom							○	○	○			◙	◙	◙	◙	○	○					○*	○*	x				x	x		x		x						
480	Uxie							○	○	○					○	○			○	○			○	○				x	x	x				x						
481	Mesprit							○	○	○					○	○			○	○			○	○				x	x	x				x						
482	Azelf							○	○	○					○	○			○	○			○	○				x	x	x				x						
483	Dialga							○		○	○*	○*								○			○					x	x	x				x						
484	Palkia								○	○	○*	○*							○					○				x	x	x				x						
485	Heatran							○	○	○					○	○			○	○			○					x	x	x				x						
486	Regigigas							○	○	○					○*	○*			○	○				○				x	x					x						
487	Giratina							○	○	○	○*	○*							○*	○*			○*	○*				x	x	x				x						
488	Cresselia							○	○	○					○	○			○*	○*			○	○				x	x	x				x						
489	Phione							◘*	◘*	◘*	◘*	◘*	◘*	◘*	◘*	◘*	◘*	◘*	◘*	◘*	◘*	◘*	◘*	◘*					x	x	x			x						
490	Manaphy							Δ	Δ	Δ	Δ	Δ					Δ	Δ	Δ	Δ	Δ	Δ	Δ	Δ					x	x	x			x						
491	Darkrai							Δ	Δ	Δ	Δ	Δ	Δ	Δ			Δ	Δ	Δ	Δ	Δ	Δ	Δ	Δ					x	x	x			x						
492	Shaymin							Δ	Δ	Δ	Δ	Δ	Δ	Δ			Δ	Δ	Δ	Δ	Δ	Δ	Δ	Δ					x	x	x			x						
493	Arceus							Δ	Δ	Δ			Δ	Δ			Δ	Δ	Δ	Δ			Δ	Δ					x	x				x						
494	Victini												Δ	Δ	Δ	Δ	Δ	Δ	Δ	Δ	Δ	Δ						x												
495	Snivy												◙	◙	◙	◙			◙	◙	◘	◘										x								
496	Servine												17	17	17	17			17	17	17	17										x								
497	Serperior												36	36	36	36			36	36	○*	○*										x								
498	Tepig												◙	◙	◙	◙			◙	◙	◘	◘										x								
499	Pignite												17	17	17	17			17	17	17	17										x								
500	Emboar												36	36	36	36			36	36	○*	○*										x								
501	Oshawott												◙	◙	◙	◙			◙	◙	◘	◘							x	x		x				x				
502	Dewott												17	17	17	17			17	17	17	17							x	x		x				x				
503	Samurott												36	36	36	36			36	36	○*	○*								x		x								
503	Samurott	hisui																											x	x						x				
504	Patrat												○	○	○	○	◘	◘																						
505	Watchog												○	○	○	○	○	○																						
506	Lillipup												○	○	○	○	○*	○*	○	○	○	○	○	○		x														
507	Herdier												○	○	○	○	16	16	16	16	16	16	16	16		x														
508	Stoutland												○	○	○	○	32	32	32	32	32	32	32	32		x														
509	Purrloin												○	○	○	○	◘	◘							x															
510	Liepard												○	○	○	○	○*	○							x															
511	Pansage												○	○	○	○	○	○																						
512	Simisage												•*	•*	•*	•*	•*	•*																						
513	Pansear												○	○	○	○	○	○																						
514	Simisear												•*	•*	•*	•*	•*	•*																						
515	Panpour												○	○	○	○	○	○																						
516	Simipour												•*	•*	•*	•*	•*	•*																						
517	Munna												○	○	○	○	○*	○*	○*	○*					x															
518	Musharna												○	○	○	○	•*	•*	•*	•*					x															
519	Pidove												○	○	○	○	◘	◘	○	○					x															
520	Tranquill												○	○	○	○	○*	○*	21	21					x															
521	Unfezant												○	○	○	○	32	32	32	32					x															
522	Blitzle												○	○	◘	◘	◘	◘	◘	◘												x								
523	Zebstrika												○	○	○	○	○*	○*	○*	○*												x								
524	Roggenrola												○	○	○	○	○	○	○	○	○	○	○	○	x	x														
525	Boldore												○	○	○	○	○*	○*	○*	○*	○	○	○	○	x	x														
526	Gigalith												•*	•*	•*	•*	•*	•*	•*	•*	•*	•*	•*	•*	x	x														
527	Woobat												○	○	○	○	○	○							x	x														
528	Swoobat												•*	•*	•*	•*	•*	•*							x	x														
529	Drilbur												○	○	○	○	◘	◘	◘	◘					x							x								
530	Excadrill												○	○	○	○	○*	○*	○*	○*					x							x								
531	Audino												○	○	○	○	○	○	○*	○*			○	○			x								x					
532	Timburr												○	○	○	○	◘	◘	○	○	◘	◘			x		x				x									
533	Gurdurr												○	○	○	○	○	○	25	25	25	25			x		x				x									
534	Conkeldurr												•*	•*	•*	•*	•*	•*	•*	•*	○*	○*			x		x				x									
535	Tympole												○	○	◘	◘	◘	◘	○	○					x															
536	Palpitoad												○	○	○	○	○*	○*	25	25					x															
537	Seismitoad												○	○	○	○	36	36	36	36					x															
538	Throh												○	○	○	○	○*	○	○						x															
539	Sawk												○	○	○	○	○	○*		○					x															
540	Sewaddle												○	○	○	○	◘	◘	○	○	◘	◘	◘	◘							x									
541	Swadloon												○	○	○	○	○*	○*	20	20	20	20	20	20							x									
542	Leavanny												○	○	○	○	•*	•*	•*	•*	○*	○*	○*	○*							x									
543	Venipede												○	○	○	○	○	○			○*	○*				x														
544	Whirlipede												○	○	○	○	○*	○*			22	22				x														
545	Scolipede												30	30	○	○	30	30			30	30				x														
546	Cottonee												○		○				○	○	○		○		x		x					x								
547	Whimsicott												○		○				•*	•*	•*		•*		x		x					x								
548	Petilil													○		○	○*	○*	○*	○*		○		○		x			x	x	x					x				
549	Lilligant													○		○	•*	•*	•*	•*		•*		•*		x				x	x									
549	Lilligant	hisui																											x	x						x				
550	Red Basculin												○	○	○	○	○	○					○	○	x		x			x										
550	Blue Basculin	blue											○	○	○	○	○	○					○	○	x		x			x										
550	White Basculin	white																											x	x	x									
551	Sandile												○	○	○	○	○	○	○	○	○	○	◘	◘		x				x		x								
552	Krokorok												○	○	○	○	29	29	29	29	29	29	○	○		x				x		x								
553	Krookodile												40	40	40	40	40	40	40	40	40	40	40	40		x				x		x								
554	Darumaka												○	○	○	○			◘	◘					x		x													
554	Darumaka-Galar	galar																							x		x													
555	Darmanitan												○	○	35	35			○*	○*					x		x													
555	Darmanitan-Galar	galar																							x		x													
556	Maractus												○	○	○	○	○*	○*	○*	○*					x															
557	Dwebble												○	○	○	○	○	○	○	○			◘	◘	x	x														
558	Crustle												○	○	○	○	34	34	○*	○*			○	○	x	x														
559	Scraggy												○	○	○	○	○	○	○	○			○	○	x	x						x								
560	Scrafty												39	39	○	○	39	39	39	39			39	39	x	x						x								
561	Sigilyph												○	○	○	○	○	○					○	○	x															
562	Yamask												○	○	○	○			◘	◘					x															
562	Yamask	galar																							x															
563	Cofagrigus												○	○	34	34			○*	○*					x															
564	Tirtouga												◙	◙	◙	◙	◙	◙		◙	◙		◙				x													
565	Carracosta												37	37	37	37	37	37		37	37		37				x													
566	Archen												◙	◙	◙	◙	◙	◙	◙			◙		◙			x													
567	Archeops												37	37	37	37	37	37	37			37		37			x													
568	Trubbish												○	○	○	○	○	○	○	○	○	○	○	○	x															
569	Garbodor												○	○	○	○	○	○	36	36	○	○	36	36	x															
570	Zorua												◙	◙	◙	◙	◘	◘	○	○			○	○		x				x										
570	Zorua	hisui																											x	x										
571	Zoroark												30	30	30	30	○	○	30	30			○	○		x				x										
571	Zoroark	hisui																											x	x										
572	Minccino												○	○	○	○	○*	○*	○*	○*			○	○	x							x								
573	Cinccino												○	○	○	○	•*	•*	•*	•*			•*	•*	x							x								
574	Gothita												○		○		◘	◘	○	○	○*	○*			x		x			x		x								
575	Gothorita												○		○		○	○	32	32	32	32			x		x			x		x								
576	Gothitelle												○		○		41	41	41	41	41	41			x		x			x		x								
577	Solosis													○		○	○	○			◘	◘			x		x					x								
578	Duosion													○		○	○*	○*			○*	○*			x		x					x								
579	Reuniclus													○		○	41	41			41	41			x		x					x								
580	Ducklett												○	○	○	○	○	○					◘	◘							x									
581	Swanna												○	○	○	○	○*	○*					○	○							x									
582	Vanillite												○	○	◘	◘	○	○			○	○	○	○	x		x													
583	Vanillish												○	○	○	○	35	35			○	○	○	○	x		x													
584	Vanilluxe												47	47	○	○	47	47			47	47	○	○	x		x													
585	Deerling												○*	○*	○*	○*	◘	◘	○	○										x		x								
586	Sawsbuck												○*	○*	○*	○*	○*	○*	34	34										x		x								
587	Emolga												○	○	○	○	○	○			○	○	○	○		x														
588	Karrablast												○	○	○	○	○	○							x	x	x													
589	Escavalier												•*	•*	•*	•*	•*	•*							x	x	x													
590	Foongus												○	○	○	○	○	○								x				x										
591	Amoonguss												○	○	○	○	○	○								x				x										
592	Frillish												○	○	○	○			○	○			○	○	x	x														
593	Jellicent												○	○	○	○			40	40			40	40	x	x														
594	Alomomola												○	○	○	○	○	○	○	○	○	○	○	○						x		x								
595	Joltik												○	○	○	○	◘	◘	○	○					x		x					x								
596	Galvantula												36	36	36	36	○*	○*	36	36					x		x					x								
597	Ferroseed												○	○	○	○	○	○							x		x													
598	Ferrothorn												40	40	40	40	40	40							x		x													
599	Klink												○	○	○	○	◘	◘	○*	○*	○*	○*			x															
600	Klang												38	38	○	○	○*	○*	38	38	38	38			x															
601	Klinklang												49	49	○	○	49	49	49	49	49	49			x															
602	Tynamo												○	○	○	○			○*	○*	◘	◘	◘	◘						x	x	x								
603	Eelektrik												39	39	○	○			39	39	39	39	39	39						x	x	x								
604	Eelektross												•*	•*	•*	•*			•*	•*	○*	○*	○*	○*						x	x	x								
605	Elgyem												○	○	○	○			○	○			○	○	x															
606	Beheeyem												○	○	42	42			42	42			42	42	x															
607	Litwick												○	○	○	○	○	○			○*	○*	○*	○*	x		x				x									
608	Lampent												41	41	41	41	○*	○*			41	41	41	41	x		x				x									
609	Chandelure												•*	•*	•*	•*	•*	•*			•*	•*	•*	•*	x		x				x									
610	Axew												○	○	○	○	○	○	○	○	○*	○*	○*	○*	x					x		x								
611	Fraxure												○	○	○	○	○*	○*	38	38	38	38	38	38	x					x		x								
612	Haxorus												48	48	○	○	48	48	48	48	48	48	48	48	x					x		x								
613	Cubchoo												○	○	○	○	○	○	○	○					x		x			x		x								
614	Beartic												○	○	○	○	○	○	37	37					x		x			x		x								
615	Cryogonal												○	○	○	○	○	○									x			x										
616	Shelmet												○	○	○	○	○	○							x	x	x													
617	Accelgor												•*	•*	•*	•*	•*	•*							x	x	x													
618	Stunfisk												○	○	○	○	○	○					○	○	x															
618	Stunfisk	galar																							x															
619	Mienfoo												○	○	○	○	○	○					○	○		x					x									
620	Mienshao												○	○	○	○	50	50					○	○		x					x									
621	Druddigon												○	○	○	○	○	○	○	○			○	○		x	x													
622	Golett												○	○	◘	◘	○	○					○		x		x					x								
623	Golurk												43	43	○	○	○*	○*					43		x		x					x								
624	Pawniard												○	○	○	○	○	○					○	○	x	x				x	x					x				
625	Bisharp												○	○	52	52	52	52					○	○	x	x				x	x					x				
626	Bouffalant												○	○	○	○			○	○						x														
627	Rufflet													○		○	○*	○*	○*	○*	○		○		x	x			x	x		x				x				
628	Braviary													○		○	54	54	○	○	○		○		x	x				x		x								
628	Braviary	hisui																											x	x						x				
629	Vullaby												○		○		○*	○*	○*	○*		○		○	x	x					x	x								
630	Mandibuzz												○		○		54	54	54	54		○		○	x	x					x	x								
631	Heatmor												○	○	○	○	○	○							x		x													
632	Durant												○	○	○	○	○	○							x		x													
633	Deino												○	○	◘	◘	◘	◘	○	○	○*	○*			x		x			x										
634	Zweilous												50	50	○	○	○	○	50	50	50	50			x		x			x										
635	Hydreigon												64	64	64	64	○	○	64	64	64	64			x		x			x										
636	Larvesta												◙	◙	◘	◘	○*	○*	○*	○*			○	○		x				x										
637	Volcarona												○	○	○	○	59	59	59	59			○	○		x				x										
638	Cobalion												○	○	○	○			○	○			○	○			x													
639	Terrakion												○	○	○	○			○	○			○	○			x													
640	Virizion												○	○	○	○			○	○			○	○			x													
641	Tornadus												○						○				○					x	x	x										
642	Thundurus													○						○				○				x	x	x										
643	Reshiram												○			○			○				○					x												
644	Zekrom													○	○					○				○				x												
645	Landorus												○*	○*					○*	○*			○*	○*				x	x	x										
646	Kyurem												○	○					○*	○*			○*	○*				x												
647	Keldeo												Δ	Δ	Δ	Δ	Δ	Δ	Δ	Δ								x												
648	Meloetta												Δ	Δ	Δ	Δ	Δ	Δ	Δ	Δ	Δ	Δ	Δ	Δ						x										
649	Genesect												Δ	Δ	Δ	Δ	Δ	Δ	Δ	Δ								x												
650	Chespin																◙	◙					◘	◘						x		x								
651	Quilladin																○*	○*					16	16						x		x								
652	Chesnaught																36	36					○*	○*						x		x								
653	Fennekin																◙	◙					◘	◘						x		x								
654	Braixen																○*	○*					16	16						x		x								
655	Delphox																36	36					○*	○*						x		x								
656	Froakie																◙	◙					◘	◘						x		x								
657	Frogadier																○*	○*					16	16						x		x								
658	Greninja																36	36					○*	○*						x		x								
659	Bunnelby																○	○							x															
660	Diggersby																○	○							x															
661	Fletchling																○	○			○	○	○	○		x				x		x								
662	Fletchinder																○*	○*			○	○	○	○		x				x		x								
663	Talonflame																35	35			35	35	35	35		x				x		x								
664	Scatterbug																○	○					○*	○*						x										
665	Spewpa																9	9					9	9						x										
666	Vivillon																○*	○*					•*	•*						x										
667	Litleo																○	○					○*	○*						x		x								
668	Pyroar																○*	○*					○	○						x		x								
669	Flabebe																○	○					○	○						x										
670	Floette																○*	○*					○	○						x										
671	Florges																•*	•*					•*	•*						x										
672	Skiddo																○	○												x										
673	Gogoat																○*	○*												x										
674	Pancham																○	○			○	○	○	○	x															
675	Pangoro																•*	•*			○	○	○	○	x															
676	Furfrou																○	○					○	○																
677	Espurr																○	○							x							x								
678	Meowstic																25	25							x							x								
679	Honedge																○	○			○*	○*	○*	○*	x															
680	Doublade																35	35			35	35	35	35	x															
681	Aegislash																•*	•*			•*	•*	•*	•*	x															
682	Spritzee																○*	○							x															
683	Aromatisse																•*	•*							x															
684	Swirlix																○	○*							x															
685	Slurpuff																•*	•*							x															
686	Inkay																○	○					○	○	x	x						x								
687	Malamar																•*	•*					•*	•*	x	x						x								
688	Binacle																○	○	○*	○*			◘	◘	x															
689	Barbaracle																○*	○*	39	39			○	○	x															
690	Skrelp																	○	○					◘		x				x										
691	Dragalge																	○	48					○		x				x										
692	Clauncher																○			○			◘			x				x										
693	Clawitzer																○			37			○			x				x										
694	Helioptile																○	○					◘	◘	x															
695	Heliolisk																•*	•*					○	○	x															
696	Tyrunt																◙	◙					◙				x													
697	Tyrantrum																•*	•*					•*				x													
698	Amaura																◙	◙						◙			x													
699	Aurorus																•*	•*						•*			x													
700	Sylveon																•*	•*			•*	•*	•*	•*	x		x		x	x						x				
701	Hawlucha																○	○					○	○	x					x										
702	Dedenne																○	○					○	○		x				x										
703	Carbink																○	○			○	○	○	○			x			x	x									
704	Goomy																○	○			○	○	○	○	x	x			x	x	x					x				
705	Sliggoo																○	○			○	○	○	○	x	x				x	x									
705	Sliggoo	hisui																											x	x						x				
706	Goodra																•*	•*			•*	•*	•*	•*	x	x				x	x									
706	Goodra	hisui																											x	x						x				
707	Klefki																○	○	○	○	○	○	○	○		x				x										
708	Phantump																○	○	○	○	○	○	○	○	x		x				x									
709	Trevenant																○	○	•*	•*	•*	•*	•*	•*	x		x				x									
710	Pumpkaboo																○	○							x															
711	Gourgeist																•*	•*							x															
712	Bergmite																○	○							x		x		x	x						x				
713	Avalugg																37	37							x		x			x										
713	Avalugg	hisui																											x	x						x				
714	Noibat																○	○					○	○	x		x			x	x									
715	Noivern																48	48					○	○	x		x			x	x									
716	Xerneas																○						○					x												
717	Yveltal																	○						○				x												
718	Zygarde																○	○	Δ	Δ	◙	◙	○	○				x												
719	Diancie																Δ	Δ	Δ	Δ								x		x					x					
720	Hoopa																Δ	Δ	Δ	Δ	Δ	Δ	Δ	Δ						x										
721	Volcanion																Δ	Δ	Δ	Δ								x		x										
722	Rowlet																				◙	◙	◙	◙				x	x	x		x				x				
723	Dartrix																				17	17	17	17				x	x	x		x				x				
724	Decidueye																				34	34	34	34				x		x		x								
724	Decidueye	hisui																											x							x				
725	Litten																				◙	◙	◙	◙				x				x								
726	Torracat																				17	17	17	17				x				x								
727	Incineroar																				34	34	34	34				x				x								
728	Popplio																				◙	◙	◙	◙				x				x								
729	Brionne																				17	17	17	17				x				x								
730	Primarina																				34	34	34	34				x				x								
731	Pikipek																				○	○	○	○								x								
732	Trumbeak																				○	○	○	○								x								
733	Toucannon																				28	28	○	○								x								
734	Yungoos																				○	○	○	○						x										
735	Gumshoos																				○	○	○	○						x										
736	Grubbin																				○	○	○	○	x						x									
737	Charjabug																				○	○	○	○	x						x									
738	Vikavolt																				•*	•*	○	○	x						x									
739	Crabrawler																				○	○	○	○						x		x								
740	Crabominable																				•*	•*	•*	•*						x		x								
741	Oricorio																				○	○	○	○						x	x	x								
742	Cutiefly																				○	○	○	○	x						x									
743	Ribombee																				○	○	○	○	x						x									
744	Rockruff																				○	○	○	○		x				x	x									
745	Lycanroc																				○*	○*	○*	○*		x				x	x									
746	Wishiwashi																				○	○	○	○	x	x														
747	Mareanie																				○	○	○	○	x	x				x										
748	Toxapex																				38	38	38	38	x	x				x										
749	Mudbray																				○	○	○	○	x					x	x									
750	Mudsdale																				○	○	○	○	x					x	x									
751	Dewpider																				○	○	○	○	x		x					x								
752	Araquanid																				○	○	○	○	x		x					x								
753	Fomantis																				○	○	○	○		x				x	x									
754	Lurantis																				•*	•*	•*	•*		x				x	x									
755	Morelull																				○	○	○	○	x															
756	Shiinotic																				24	24	○	○	x															
757	Salandit																				○	○	○	○	x	x				x	x									
758	Salazzle																				•*	•*	○	○	x	x				x	x									
759	Stufful																				○	○	○	○	x															
760	Bewear																				○	○	○	○	x															
761	Bounsweet																				○	○	◘	◘	x					x										
762	Steenee																				18	18	○	○	x					x										
763	Tsareena																				•*	•*	•*	•*	x					x										
764	Comfey																				○	○	○	○		x						x								
765	Oranguru																					○		○	x	x				x										
766	Passimian																				○		○		x	x				x										
767	Wimpod																				○	○	○	○	x	x														
768	Golisopod																				30	30	30	30	x	x														
769	Sandygast																				○	○	○	○		x				x										
770	Palossand																				○	○	○	○		x				x										
771	Pyukumuku																				○	○	○	○	x															
772	Type: Null																				◙	◙	◙	◙	x															
773	Silvally																				•*	•*	•*	•*	x															
774	Minior																				○	○	○	○								x								
775	Komala																				○	○	○	○						x										
776	Turtonator																				○		○		x															
777	Togedemaru																				○	○	○	○	x															
778	Mimikyu																				○	○	○	○	x		x			x	x									
779	Bruxish																				○	○	○	○						x		x								
780	Drampa																					○		○	x															
781	Dhelmise																				○	○	○	○	x		x													
782	Jangmo-o																				○	○	○	○	x	x					x									
783	Hakamo-o																				○	○	○	○	x	x					x									
784	Kommo-o																				○	○	○	○	x	x					x									
785	Tapu Koko																				○	○	○	○				x												
786	Tapu Lele																				○	○	○	○				x												
787	Tapu Bulu																				○	○	○	○				x												
788	Tapu Fini																				○	○	○	○				x												
789	Cosmog																				○	○	○	○				x												
790	Cosmoem																				43	43	43	43				x												
791	Solgaleo																				○		○					x												
792	Lunala																					○		○				x												
793	Nihilego																				○	○	○	○				x												
794	Buzzwole																				○		○					x												
795	Pheromosa																					○		○				x												
796	Xurkitree																				○	○	○	○				x												
797	Celesteela																					○		○				x												
798	Kartana																				○		○					x												
799	Guzzlord																				○	○	○	○				x												
800	Necrozma																				○	○	○	○				x												
801	Magearna																				Δ	Δ	Δ	Δ				x		x										
801	Magearna	Original																																						
802	Marshadow																				Δ	Δ						x												
803	Poipole																						◙	◙				x												
804	Naganadel																						•*	•*				x												
805	Stakataka																							○				x												
806	Blacephalon																						○					x												
807	Zeraora																						Δ	Δ				x												
808	Meltan																											x					x							
809	Melmetal																											x					x							
810	Grookey																								x					x		x								
811	Thwackey																								x					x		x								
812	Rillaboom																								x					x		x								
813	Scorbunny																								x					x		x								
814	Raboot																								x					x		x								
815	Cinderace																								x					x		x								
816	Sobble																								x					x		x								
817	Drizzile																								x					x		x								
818	Inteleon																								x					x		x								
819	Skwovet																								x	x	x			x	x									
820	Greedent																								x	x	x			x	x									
821	Rookidee																								x		x			x										
822	Corvisquire																								x		x			x										
823	Corviknight																								x		x			x										
824	Blipbug																								x	x														
825	Dottler																								x	x														
826	Orbeetle																								x	x														
827	Nickit																								x															
828	Thievul																								x															
829	Gossifleur																								x		x													
830	Eldegoss																								x		x													
831	Wooloo																								x		x													
832	Dubwool																								x		x													
833	Chewtle																								x	x				x	x									
834	Drednaw																								x	x				x	x									
835	Yamper																								x		x													
836	Boltund																								x		x													
837	Rolycoly																								x		x			x										
838	Carkol																								x		x			x										
839	Coalossal																								x		x			x										
840	Applin																								x	x				x	x					x				
841	Flapple																								x	x				x	x									
842	Appletun																								x	x				x	x									
843	Silicobra																								x	x				x										
844	Sandaconda																								x	x				x										
845	Cramorant																								x	x					x									
846	Arrokuda																								x	x				x	x									
847	Barraskewda																								x	x				x	x									
848	Toxel																								x					x										
849	Toxtricity																								x					x										
850	Sizzlipede																								x		x													
851	Centiskorch																								x		x													
852	Clobbopus																								x	x														
853	Grapploct																								x	x														
854	Sinistea																								x		x			x		x								
855	Polteageist																								x		x			x		x								
856	Hatenna																								x		x			x	x									
857	Hattrem																								x		x			x	x									
858	Hatterene																								x		x			x	x									
859	Impidimp																								x		x			x	x									
860	Morgrem																								x		x			x	x									
861	Grimmsnarl																								x		x			x	x									
862	Obstagoon																								x		x													
863	Perrserker																								x					x										
864	Cursola																								x															
865	Sirfetch'd																								x															
866	Mr. Rime																								x		x									x				
867	Runerigus																								x															
868	Milcery																								x							x								
869	Alcremie																								x							x								
870	Falinks																								x					x										
871	Pincurchin																								x	x	x			x										
872	Snom																								x		x			x										
873	Frosmoth																								x		x			x										
874	Stonjourner																								x		x			x										
875	Eiscue																								x		x			x										
876	Indeedee																								x		x			x	x									
877	Morpeko																								x	x	x				x									
878	Cufant																								x		x			x										
879	Copperajah																								x		x			x										
880	Dracozolt																								x															
881	Arctozolt																								x															
882	Dracovish																								x															
883	Arctovish																								x															
884	Duraludon																								x							x				x				
885	Dreepy																								x		x			x										
886	Drakloak																								x		x			x										
887	Dragapult																								x		x			x										
888	Zacian																								x					x										
889	Zamazenta																								x					x										
890	Eternatus																								x					x										
891	Kubfu																									x				x										
892	Urshifu																									x				x										
893	Zarude																									x				x										
894	Regieleki																										x			x										
895	Regidrago																										x			x										
896	Glastrier																										x			x										
897	Spectrier																										x			x										
898	Clalyrex																										x			x										
899	Wyrdeer																												x	x						x				
900	Kleavor																												x	x		x				x				
901	Ursaluna																												x	x						x				
902	Basculegion																												x	x	x					x				
903	Sneasler																												x	x										
904	Overqwil																												x	x		x								
905	Enamorus																												x	x										
906	Sprigatito																													x										
907	Floragato																													x										
908	Meowscarada																													x										
909	Fuecoco																													x										
910	Crocalor																													x										
911	Skeledirge																													x										
912	Quaxly																													x										
913	Quaxwell																													x										
914	Quaquaval																													x										
915	Lechonk																													x										
916	Oinkologne																													x										
917	Tarountula																													x										
918	Spidops																													x										
919	Nymble																													x										
920	Lokix																													x										
921	Pawmi																													x										
922	Pawmo																													x										
923	Pawmot																													x										
924	Tandemaus																													x	x									
925	Maushold																													x	x									
926	Fidough																													x										
927	Dachsbun																													x										
928	Smoliv																													x										
929	Dolliv																													x										
930	Arboliva																													x										
931	Squawkabilly																													x										
932	Nacli																													x										
933	Naclstack																													x										
934	Garganacl																													x										
935	Charcadet																													x										
936	Armarouge																													x										
937	Ceruledge																													x										
938	Tadbulb																													x										
939	Bellibolt																													x										
940	Wattrel																													x										
941	Kilowattrel																													x										
942	Maschiff																													x										
943	Mabosstiff																													x										
944	Shroodle																													x										
945	Grafaiai																													x										
946	Bramblin																													x										
947	Brambleghast																													x										
948	Toedscool																													x	x									
949	Toedscruel																													x	x									
950	Klawf																													x										
951	Capsakid																													x										
952	Scovillain																													x										
953	Rellor																													x		x								
954	Rabsca																													x		x								
955	Flittle																													x										
956	Espathra																													x										
957	Tinkatink																													x										
958	Tinkatuff																													x										
959	Tinkaton																													x										
960	Wiglett																													x										
961	Wugtrio																													x										
962	Bombirdier																													x	x									
963	Finizen																													x										
964	Palafin																													x										
965	Varoom																													x										
966	Revavroom																													x										
967	Cyclizar																													x										
968	Orthworm																													x	x									
969	Glimmet																													x	x									
970	Glimmora																													x	x									
971	Greavard																													x										
972	Houndstone																													x										
973	Flamigo																													x										
974	Cetoddle																													x										
975	Cetitan																													x										
976	Veluza																													x										
977	Dondozo																													x										
978	Tatsugiri																													x										
979	Annihilape																													x	x					x				
980	Clodsire																													x										
981	Farigiraf																													x		x				x				
982	Dudunsparce																													x	x					x				
983	Kingambit																													x	x					x				
984	Great Tusk																													x										
985	Scream Tail																													x										
986	Brute Bonnet																													x										
987	Flutter Mane																													x										
988	Slither Wing																													x										
989	Sandy Shocks																													x										
990	Iron Treads																													x										
991	Iron Bundle																													x										
992	Iron Hands																													x										
993	Iron Jugulis																													x										
994	Iron Moth																													x										
995	Iron Thorns																													x										
996	Frigibax																													x										
997	Arctibax																													x										
998	Baxcalibur																													x										
999	Gimmighoul																													x										
1000	Gholdengo																													x										
1001	Wo-Chien																													x										
1002	Chien-Pao																													x										
1003	Ting-Lu																													x										
1004	Chi-Yu																													x										
1005	Roaring Moon																													x										
1006	Iron Valiant																													x										
1007	Koraidon																													x										
1008	Miraidon																													x										
1009	Walking Wake																													x		x								
1010	Iron Leaves																													x		x								
1011	Dipplin																														x					x				
1012	Poltchageist																														x									
1013	Sinistcha																														x									
1014	Okidogi																														x									
1015	Munkidori																														x									
1016	Fezandipiti																														x									
1017	Ogerpon																														x									
1018	Archaludon																															x				x				
1019	Hydrapple																															x				x				
1020	Gouging Fire																															x								
1021	Raging Bolt																															x								
1022	Iron Boulder																															x								
1023	Iron Crown																															x								
1024	Terapagos																															x								
1025	Pecharunt																															x								
